注意事项：
1、保留两份数据：一份为明文的csv，一份为byte数组的字符串
2、不同天的数据放在不同原始表中
3、当前配置测试下：30万条记录可以跑到凌晨4点钟左右，也就说一天是300万条数据左右


原始表：
rowkey,ssid,type,channel,Rssi,detailType,DeleteFlag,isAssociated

当前正在参考中的资料：
https://www.cnblogs.com/zhanggl/p/5562993.html
https://deeplearning4j.org/cn/usingrnns
https://blog.csdn.net/a398942089/article/details/52294082


https://www.cnblogs.com/yutingliuyl/p/6718502.html

http://ifeve.com/java-threadpool/
https://www.cnblogs.com/dolphin0520/p/3932921.html
https://www.cnblogs.com/yulinfeng/p/7039979.html
https://blog.csdn.net/abountwinter/article/details/78123422


明文示例：

56|9|532FFF|2018-04-12 00:00:00|0FFFFF,"1,1,1,-18,69,0,1"
79|0|3573FF|2018-04-12 00:00:00|0FFFFF,"1,0,4,-82,86,1,1"
82|6|2779FF|2018-04-12 00:00:00|1FFFFF,"2,0,3,-54,92,0,0"
78|7|7880FF|2018-04-12 00:00:00|2FFFFF,"0,2,1,-19,17,1,1"
26|9|9474FF|2018-04-12 00:00:00|2FFFFF,"0,0,7,-90,30,1,0"

bytes数据实例：
"[0, 0, 0, 0, 0, 0][0, 0, 0, 0, 0, 0][0, 0, 31, 62, 70, 70][0, 0, 1, 98, -70, -107, -60, 0][0, 0, 0, 1, 70, 70]",
"[0, 0, 0, 3, 0, 0][0, 0, 0, 2][0, 0, 0, 4][-1, -1, -1, -48][0, 0, 0, 64][1][0]"


"[0, 0, 0, 1, 0, 0][0, 0, 0, 2, 0, 0][0, 0, 15, -124, 70, 70][0, 0, 1, 98, -70, -107, -41, -120][0, 0, 0, 2, 70, 70]","[0, 0, 0, 0, 0, 0][0, 0, 0, 1][0, 0, 0, 2][-1, -1, -1, -38][0, 0, 0, 52][1][0]"
"[0, 0, 0, 60, 0, 0][0, 0, 0, 8, 0, 0][0, 0, 23, -8, 70, 70][0, 0, 1, 98, -70, -107, -21, 16][0, 0, 0, 2, 70, 70]","[0, 0, 0, 1, 0, 0][0, 0, 0, 0][0, 0, 0, 9][-1, -1, -1, -18][0, 0, 0, 55][1][0]"
"[0, 0, 0, 16, 0, 0][0, 0, 0, 1, 0, 0][0, 0, 22, -47, 70, 70][0, 0, 1, 98, -70, -107, -2, -104][0, 0, 0, 0, 70, 70]","[0, 0, 0, 0, 0, 0][0, 0, 0, 0][0, 0, 0, 2][0, 0, 0, 0][0, 0, 0, 94][1][1]"
"[0, 0, 0, 98, 0, 0][0, 0, 0, 5, 0, 0][0, 0, 18, 16, 70, 70][0, 0, 1, 98, -70, -106, 18, 32][0, 0, 0, 0, 70, 70]","[0, 0, 0, 2, 0, 0][0, 0, 0, 2][0, 0, 0, 3][-1, -1, -1, -37][0, 0, 0, 80][0][0]"
"[0, 0, 0, 3, 0, 0][0, 0, 0, 1, 0, 0][0, 0, 20, -112, 70, 70][0, 0, 1, 98, -70, -106, 37, -88][0, 0, 0, 1, 70, 70]","[0, 0, 0, 1, 0, 0][0, 0, 0, 1][0, 0, 0, 3][-1, -1, -1, -88][0, 0, 0, 5][1][1]"



[
rowkey
[0, 0, 0, 64, 0, 0]tenantid 6

[0, 0, 0, 4, 0, 0]groupid 6

[0, 0, 22, 30, 70, 70]mac 6
[0, 0, 0, 0, 0, 0, 0, 0]time 8
[0, 0, 0, 0, 70, 70]mac 6

qualifier
[0, 0, 0, 0, 0, 0]ssid 6
[0, 0, 0, 0]type 4
[0, 0, 0, 0]channel 4
[-1, -1, -1, -78]detailtype 4
[0, 0, 0, 52]num 4
[1]deleteflag 1
[0],isassociated 1



 [0, 0, 0, 49, 0, 0]

 [0, 0, 0, 3, 0, 0]

 [0, 0, 35, 24, 70, 70]

 [0, 0, 0, 0, 0, 0, 0, 0]

 [0, 0, 0, 2, 70, 70]

 [0, 0, 0, 0, 0, 0]
 [0, 0, 0, 0]
 [0, 0, 0, 2]
 [-1, -1, -1, -37]
 [0, 0, 0, 74]
 [1]
 [0]


]





[
[0, 0, 0, 62, 0, 0][0, 0, 0, 5, 0, 0][0, 0, 4, 114, 70, 70]
[0, 0, 55, -22, -61, 2, -112, 0]
[0, 0, 0, 1, 70, 70][0, 0, 0, 3, 0, 0][0, 0, 0, 0][0, 0, 0, 7][-1, -1, -1, -19][0, 0, 0, 46][0][0], [0, 0, 0, 32, 0, 0][0, 0, 0, 6, 0, 0][0, 0, 7, -53, 70, 70][0, 0, 55, -22, -61, 2, -93, -120][0, 0, 0, 1, 70, 70][0, 0, 0, 1, 0, 0][0, 0, 0, 2][0, 0, 0, 5][-1, -1, -1, -36][0, 0, 0, 52][0][1]]